Federal Office of Meteorology and Climatology MeteoSwiss
MeteoSchweiz / MeteoSuisse / MeteoSvizzera / MeteoSwiss

Area-mean temperatures of Switzerland 1864-2026

DOI: 10.18751/Climate/Timeseries/CHTM/1.4
CAT-version: 2.0.4
Creation date: 01.04.2026 (provisional value for the most recent month)

Citation:
Method: Begert M, Frei C. 2018. Long-term area-mean temperature series for Switzerland - Combining homogenized station data and high resolution grid data. Int. J. Climatol., 38: 2792-2807. https://doi.org/10.1002/joc.5460
Dataset: MeteoSwiss. Area-mean temperatures of Switzerland. doi:10.18751/Climate/Timeseries/CHTM/1.4

djf: dec-feb; mam: mar-may; jja: jun-aug; son: sep-nov; winter: oct-mar; summer: apr-sep; year: jan-dec

time	jan	feb	mar	apr	may	jun	jul	aug	sep	oct	nov	dec	djf	mam	jja	son	winter	summer	year
1864	-7.1	-4.52	0.04	2.1	7.43	9.48	12.37	10.95	8.59	3.51	-0.51	-4.47	NA	3.19	10.93	3.86	NA	8.49	3.16
1865	-3.46	-6.26	-5.91	7.01	10.1	10.98	13.98	11.16	11.89	5.21	1.26	-3.07	-4.73	3.73	12.04	6.12	-2.85	10.85	4.41
1866	-1.31	-0.42	-1	4.1	4.96	12.02	12.25	9.99	9.69	5.35	-0.2	-0.49	-1.6	2.68	11.42	4.95	0.11	8.83	4.58
1867	-3.87	0.55	-0.13	3.48	7.74	10.57	11.29	12.94	10.42	2.93	-1.43	-5.8	-1.27	3.69	11.6	3.97	0.2	9.41	4.06
1868	-5.46	-1.54	-2.3	2.32	12.04	11.96	12.88	12.5	11.12	4.78	-1.99	1.27	-4.26	4.02	12.45	4.63	-2.27	10.47	4.8
1869	-4.61	1.27	-4.25	4.52	8.92	8.26	14.81	10.87	10.34	2.32	0.08	-4.18	-0.69	3.06	11.31	4.25	-0.59	9.62	4.03
1870	-5.46	-4.23	-2.59	2.79	8.9	11.41	14.39	9.84	8.16	4.07	-0.15	-6.81	-4.62	3.03	11.88	4.03	-2.34	9.25	3.36
1871	-7.81	-1.97	0.02	3.52	6.66	7.26	13.13	12.61	11.33	3.32	-2.86	-8.3	-5.53	3.4	11	3.93	-2.11	9.09	3.08
1872	-3.22	-2.09	0.47	3.94	6.07	10.07	13.45	10.88	10.18	5.34	1.77	-0.77	-4.54	3.49	11.47	5.76	-2.11	9.1	4.67
1873	-2.18	-3.85	1.66	1.61	5.11	10.53	14.52	13.55	8.67	5.47	0.65	-2.87	-2.27	2.79	12.87	4.93	0.33	9	4.4
1874	-3.14	-4.07	-1.28	4.58	3.97	11.29	15.01	10.91	10.99	5.72	-2.12	-6.34	-3.36	2.42	12.4	4.86	-0.88	9.46	3.79
1875	-1.76	-6.47	-2.13	2.89	9.5	11.38	11.44	13.57	10.64	3.81	-1.15	-5.52	-4.86	3.42	12.13	4.43	-2.18	9.9	3.85
1876	-4.41	-2.37	-0.87	2.91	4.42	10.53	13.58	13.1	7.9	7.26	-1.2	-0.08	-4.1	2.15	12.4	4.66	-1.75	8.74	4.23
1877	-1.64	-1.79	-2.31	2.55	4.94	13.39	11.83	13.51	7.29	2.71	1.71	-3.45	-1.17	1.73	12.91	3.9	0.04	8.92	4.06
1878	-5.82	-1.76	-2.23	3.12	8.26	10.2	11.91	12.16	9.45	5.45	-2	-6.36	-3.68	3.05	11.42	4.3	-1.47	9.18	3.53
1879	-4.1	-2.58	0.09	0.92	3.41	10.82	9.79	14.02	9.32	4	-3.14	-8.4	-4.35	1.47	11.54	3.39	-1.58	8.05	2.85
1880	-6.41	-2.06	2.19	3.72	6.2	8.91	13.67	11.13	9.66	5.41	1.13	0.44	-5.62	4.04	11.24	5.4	-2.3	8.88	4.5
1881	-6.82	-1.95	1.13	2.69	6.42	9.91	15.24	12.71	7.47	1.16	2.86	-2.92	-2.78	3.41	12.62	3.83	-0.11	9.07	3.99
1882	-2	-2.38	1.68	2.79	7.56	9.54	10.95	10.29	7.43	5.1	0.08	-2.14	-2.43	4.01	10.26	4.2	-0.27	8.09	4.07
1883	-3.2	-1.1	-4.36	1.88	7.32	9.84	10.9	11.64	8.17	3.85	0.22	-3.65	-2.15	1.61	10.79	4.08	-0.93	8.29	3.46
1884	-1.73	-1.29	0.81	2.46	8.5	7.39	13.19	12.62	9.41	3.27	-1.67	-2.54	-2.22	3.92	11.07	3.67	-0.3	8.93	4.2
1885	-6.02	-0.03	-0.48	3.79	4.85	12.29	13.75	11.8	8.54	2.59	1.21	-3.11	-2.86	2.72	12.61	4.11	-1.25	9.17	4.1
1886	-5.24	-5.25	-1.85	4.34	7.55	8.78	13.09	12.12	11.25	6.05	0.55	-3.82	-4.53	3.35	11.33	5.95	-1.94	9.52	3.96
1887	-5.75	-4.93	-2.19	2.45	4.54	11.89	14.59	12.08	8.28	0.76	-0.77	-5.41	-4.83	1.6	12.85	2.75	-1.68	8.97	2.96
1888	-5.32	-5.26	-2.34	0.98	8.05	10.8	10.02	10.81	9.45	2.39	1.16	-1.86	-5.33	2.23	10.54	4.33	-3.06	8.35	3.24
1889	-4.78	-6.14	-3.6	1.31	8.49	11.67	11.68	11.08	7.48	3.87	0.66	-5.47	-4.26	2.07	11.48	4	-2.14	8.62	3.02
1890	-1.3	-5.66	-0.78	2.29	7.95	9.53	10.72	11.44	8.27	2.97	-0.96	-6.74	-4.14	3.15	10.56	3.43	-1.45	8.37	3.15
1891	-8.53	-4.02	-1.61	0.49	6.76	10.46	11.26	10.57	9.82	5.89	-0.23	-1.94	-6.43	1.88	10.76	5.16	-3.15	8.23	3.24
1892	-4.41	-2.62	-3.4	3.22	7.32	10.89	12.03	13.37	9.77	3.81	2.08	-4.81	-2.99	2.38	12.1	5.22	-1.12	9.43	3.94
1893	-8.48	-2.44	0.75	6.33	7	10.81	12.33	13.3	9.25	6.38	-0.69	-3.33	-5.24	4.69	12.15	4.98	-1.51	9.84	4.27
1894	-5.06	-2.61	-0.11	4.96	6.39	9.92	13.03	11.72	7.84	4.48	1.67	-4	-3.67	3.75	11.56	4.66	-0.9	8.98	4.02
1895	-8.66	-9.26	-2.18	4.17	6.87	10.52	13.24	11.98	12.61	4	3.39	-2.54	-7.31	2.95	11.91	6.67	-2.99	9.9	3.68
1896	-4.49	-2.82	1.34	0.57	5.52	10.47	12.78	9.24	8.27	3.47	-1.62	-3.01	-3.28	2.48	10.83	3.37	-0.19	7.81	3.31
1897	-4.77	0.07	1.45	2.95	5.49	12.35	13.05	12.25	7.98	3.99	1.38	-2.69	-2.57	3.29	12.55	4.45	-0.74	9.01	4.46
1898	-0.76	-3.54	-1.06	3.4	6.13	9.43	11.25	13.9	11.38	6.48	2.49	-2.28	-2.33	2.83	11.53	6.78	-0.45	9.25	4.74
1899	-1.6	-0.56	-0.14	2.39	6.22	10.47	12.49	13.6	8.67	6.38	2.07	-4.63	-1.48	2.82	12.18	5.7	0.73	8.97	4.61
1900	-3.03	-1	-4.09	1.96	6.34	11.52	13.97	11.3	11.29	5.53	0.87	-0.61	-2.88	1.4	12.26	5.9	-0.72	9.4	4.5
1901	-4.7	-8.75	-2.63	3.4	7.5	11.31	12.92	11.84	9.58	4.56	-1.39	-2.82	-4.69	2.76	12.02	4.25	-1.71	9.43	3.4
1902	-2.52	-3.1	-0.38	5.12	3.1	9.46	13.1	11.5	9.12	4.04	-0.05	-3.35	-2.81	2.61	11.35	4.37	-0.94	8.56	3.83
1903	-3.55	-0.81	0.52	-0.52	7.11	9.44	11.35	12.2	9.41	5.52	0.11	-3.93	-2.57	2.37	11	5.01	-0.53	8.16	3.9
1904	-4.25	-3.13	-0.59	4.64	8.57	11.72	15.13	13.2	7.38	4.95	-0.62	-2.02	-3.77	4.2	13.35	3.9	-1.05	10.11	4.58
1905	-6.29	-4.01	0.1	2.9	5.97	11.17	15.07	12.14	9.44	-0.29	-0.89	-2.44	-4.11	2.99	12.79	2.75	-1.31	9.45	3.57
1906	-3.61	-5.08	-1.6	2.24	7.36	10.05	12.93	13.41	8.71	7.06	1.68	-6.42	-3.71	2.67	12.13	5.82	-2.32	9.12	3.89
1907	-4.66	-5.94	-2.07	1.23	7.76	10.45	10.69	12.99	10.3	6.1	1.56	-1.46	-5.68	2.31	11.38	5.99	-1.73	8.9	3.91
1908	-4.25	-3.65	-2.46	0.65	9.06	12.34	12.13	10.83	8.55	5.87	-0.37	-3.44	-3.12	2.42	11.77	4.68	-0.69	8.93	3.77
1909	-5.39	-6.45	-3.05	4.49	6.76	8.67	10.38	11.81	8.2	6.07	-1.58	-1.46	-5.09	2.73	10.28	4.23	-2.14	8.38	3.2
1910	-3.25	-2.93	-0.59	2.07	5.63	10.72	10.39	11.42	7.06	5.88	-1.42	-0.85	-2.55	2.37	10.85	3.84	-0.62	7.88	3.68
1911	-5.5	-3.07	-0.65	2.01	7.35	10.14	15.26	15.27	11.23	5.09	1.82	-0.86	-3.14	2.9	13.56	6.05	-0.94	10.21	4.84
1912	-2.27	0.09	1.46	1.81	8.05	10.5	11.98	9.07	4.38	3.71	-2.51	-1.11	-1.01	3.78	10.51	1.86	0.89	7.63	3.76
1913	-2.11	-3.16	1.72	2.49	6.95	10.13	9.54	11.19	8.53	6.58	2.7	-2.83	-2.13	3.72	10.29	5.94	-0.58	8.14	4.31
1914	-6.53	-0.48	-0.02	5.17	5.72	9.16	10.9	12.25	8.54	4.35	-0.66	-1.13	-3.28	3.62	10.77	4.08	-0.1	8.62	3.94
1915	-4.72	-3.81	-1.53	1.75	9.56	12.37	11.82	10.92	7.71	2.49	-2.15	0.77	-3.22	3.26	11.7	2.68	-1.25	9.02	3.76
1916	-0.96	-2.63	-0.06	3.08	8.05	8.32	11.57	11.69	7.26	4.75	0.37	-1.93	-0.94	3.69	10.53	4.13	-0.42	8.33	4.13
1917	-6.13	-5.2	-2.83	-0.45	9.97	12.63	12.5	11.43	11.51	2.53	-0.14	-6.28	-4.42	2.23	12.19	4.63	-1.83	9.6	3.3
1918	-2.8	-2.3	-0.58	3.07	8.66	8.38	12.42	11.94	9.82	3.38	0.3	-0.36	-3.79	3.72	10.91	4.5	-1.59	9.05	4.33
1919	-4.08	-4.03	-0.89	0.36	6.77	10.87	9.43	13.93	11.09	1.25	-2.14	-2.29	-2.83	2.08	11.41	3.4	-0.95	8.74	3.36
1920	-1.04	-0.67	1.91	3.62	10.11	10.36	12.55	10.57	9.4	5.5	0.82	-2.37	-1.33	5.21	11.16	5.24	-0.5	9.43	5.06
1921	-0.48	-3.04	1.07	2.04	8.74	11	15.07	12.57	11.28	8.1	-1.45	-2.15	-1.96	3.95	12.88	5.98	0.25	10.12	5.23
1922	-4.77	-2.72	0.5	1.18	9.49	11.19	11.3	12.24	7	3.38	-1.55	-2.97	-3.21	3.73	11.58	2.94	-0.42	8.73	3.69
1923	-4.48	-1.23	0.09	3.12	7.36	7.29	15.09	13.63	8.9	6.88	0.06	-3.85	-2.89	3.52	12	5.28	-1.13	9.23	4.41
1924	-4.44	-5.62	-0.52	3.25	8.75	10.67	12.7	9.32	9.49	5.38	1.56	-1.76	-4.64	3.83	10.9	5.48	-1.25	9.03	4.06
1925	-1.25	-1.69	-3.33	2.99	7.64	11.56	12.09	11.8	6.87	5.86	-0.86	-3.32	-1.57	2.43	11.82	3.96	-0.18	8.82	4.03
1926	-3.66	1.27	0.39	4.39	5.67	8.18	11.84	12.74	11.62	5.6	2.64	-3.82	-1.91	3.48	10.92	6.62	-0.05	9.07	4.74
1927	-3.34	-3.13	0.1	3.52	8.4	10.73	12.72	11.77	9.38	5.38	1.36	-2.79	-3.43	4.01	11.74	5.37	-0.33	9.42	4.51
1928	-2.3	-1.48	0.37	3.28	5.28	11.06	16.14	14.12	9.52	4.89	1.35	-4	-2.19	2.98	13.77	5.25	0.09	9.9	4.85
1929	-7.4	-8.43	0.2	0.95	7.95	11.66	13.96	12.66	12.4	5.6	0.8	-1.01	-6.61	3.03	12.76	6.27	-2.23	9.93	4.11
1930	-0.83	-3.94	0.8	3.71	6.21	13.54	11.66	12.37	10.06	4.94	2.63	-2.27	-1.93	3.58	12.52	5.88	0.24	9.59	4.91
1931	-4.45	-5.28	-1.9	2.1	9.43	13.44	12.22	10.74	5.29	4.6	2.19	-3.98	-4	3.21	12.14	4.03	-1.05	8.87	3.7
1932	-1.77	-6.87	-2.09	1.26	6.48	9.72	12.04	15.11	12.38	4.53	1.5	-1.04	-4.21	1.88	12.29	6.14	-1.32	9.5	4.27
1933	-5.76	-3.42	0.6	3.98	5.99	8.27	13.83	13.92	10.21	5.27	-0.96	-5.97	-3.41	3.52	12.01	4.84	-0.6	9.37	3.83
1934	-3.71	-2.76	-0.4	5.58	9.55	11.03	14.11	11.46	11.03	4.98	0.06	0.59	-4.15	4.91	12.2	5.36	-1.42	10.46	5.13
1935	-6.22	-2.65	-1.64	2.08	5.69	12.91	14.01	11.77	10.26	4.76	1.32	-4.02	-2.76	2.04	12.89	5.44	-0.81	9.45	4.02
1936	-0.32	-2.88	1.2	2.61	7.91	10.31	11.79	12.35	9.4	1.53	0.56	-1.76	-2.41	3.91	11.48	3.83	0.01	9.06	4.39
1937	-1.84	-0.99	-1.54	2.6	9	11.76	13.44	12.63	8.75	5.67	0.03	-4.71	-1.53	3.35	12.61	4.82	-0.68	9.7	4.57
1938	-3.32	-3.44	2.49	0.33	5.81	12.36	12.28	12.13	9.76	5.45	3.15	-4.13	-3.82	2.88	12.26	6.12	-0.55	8.78	4.41
1939	-2.11	-1.56	-3.45	4.52	4.6	11.12	11.87	12.56	8.79	3.66	2.34	-3.95	-2.6	1.89	11.85	4.93	-0.44	8.91	4.03
1940	-6.9	-2.72	-0.3	3.17	7.17	10.23	11.4	11.22	9.63	4.76	0.94	-7.17	-4.52	3.35	10.95	5.11	-1.31	8.8	3.45
1941	-5.59	-3.09	0.21	1.71	4.09	11.37	13.93	11.08	9.03	3.65	-0.34	-3.46	-5.28	2.01	12.13	4.11	-1.65	8.54	3.55
1942	-8.26	-6.69	1.62	3.78	7.68	11.5	12.7	12.91	11.48	7.67	-0.98	-1.78	-6.14	4.36	12.37	6.06	-2.25	10.01	4.3
1943	-3.23	-1.69	1.89	4.66	8.91	10.08	13.2	14.43	10.67	7.35	-0.95	-2.21	-2.23	5.15	12.57	5.69	0.31	10.33	5.26
1944	-1.91	-6.02	-3.45	4.84	7.67	9.91	12.7	15.86	9.02	3.66	-0.5	-4.43	-3.38	3.02	12.82	4.06	-1.2	10	3.95
1945	-8.83	-0.01	1.32	5.1	9.58	13.09	14.56	12.02	10.22	5.17	-0.61	-2.76	-4.42	5.34	13.22	4.93	-1.46	10.76	4.91
1946	-4.78	-1.32	1.2	6.23	8.53	10.03	13.86	12.33	10.73	4.43	0.4	-4.75	-2.95	5.32	12.07	5.19	-0.52	10.28	4.74
1947	-6.46	-4.62	0.99	6.27	9.96	13.25	15.17	15.18	12	6.31	2.4	-3.07	-5.27	5.74	14.53	6.9	-1.67	11.97	5.61
1948	-0.78	-2.57	3.58	4.27	9	10.12	10.47	12.46	9.81	6.3	2.48	-1.82	-2.14	5.62	11.02	6.2	0.98	9.36	5.28
1949	-2.43	-1.92	-1.89	6.61	6.63	11	14.5	13.51	12.7	7.55	-0.3	-0.85	-2.06	3.78	13	6.65	0.12	10.82	5.43
1950	-3.49	-0.8	1.11	1.83	9.18	13.68	15.49	13.28	9.25	5.31	0.55	-5.07	-1.71	4.04	14.15	5.03	0.54	10.45	5.03
1951	-2.47	-2.53	-1.34	2.92	6.9	10.74	13.32	12.5	10.9	4.95	2.07	-1.37	-3.36	2.83	12.19	5.97	-0.93	9.55	4.72
1952	-4.8	-4.94	0.94	5.38	8.38	12.6	15.94	13.7	6.5	4.19	-1.48	-3.34	-3.7	4.9	14.08	3.07	-0.52	10.42	4.42
1953	-5.94	-4.37	0.72	4.57	8.99	9.74	13.29	12.87	10.73	6.79	1.74	-0.33	-4.55	4.76	11.96	6.42	-1.7	10.03	4.9
1954	-6.07	-4.22	1.02	1.79	6.68	11.21	10.59	11.08	9.93	5.64	1.54	-0.83	-3.54	3.17	10.96	5.71	-0.18	8.55	4.03
1955	-1.94	-3.76	-1.95	3.27	6.56	10.77	12.64	11.66	8.99	3.98	-0.05	0.08	-2.18	2.63	11.69	4.31	-0.21	8.98	4.19
1956	-2.09	-11.94	-0.65	1.51	7.9	8.51	12.46	10.95	10.88	3.71	-1.41	-2.64	-4.65	2.92	10.64	4.39	-1.78	8.7	3.1
1957	-3.92	-0.16	3.77	3.58	4.92	11.52	12.76	11.41	8.79	5.82	1.6	-2.58	-2.24	4.09	11.89	5.4	-0.11	8.83	4.79
1958	-3.71	-0.49	-3.32	0.74	9.83	10.24	13.22	13.41	11.58	4.75	0.91	-1.27	-2.26	2.42	12.29	5.75	-0.45	9.84	4.66
1959	-3.69	-0.97	2.61	4.34	8.16	11.23	14.69	12.28	11.18	5.17	-0.24	-1.38	-1.98	5.04	12.73	5.37	0.39	10.31	5.28
1960	-3.9	-1.6	1.21	3.2	8.85	11.95	10.8	11.73	7.94	4.19	1.63	-3.03	-2.29	4.42	11.49	4.59	-0.12	9.08	4.42
1961	-3.14	0.77	1.78	6.11	6.21	11.67	11.61	12.29	13.32	6.43	0.69	-1.38	-1.8	4.7	11.86	6.81	0.37	10.2	5.53
1962	-2.4	-3.74	-3.48	2.81	5.61	10.06	12.14	14.25	9.66	6.12	-1.2	-5.39	-2.51	1.65	12.15	4.86	-0.65	9.09	3.7
1963	-8.59	-7.22	-0.93	4.14	6.75	10.67	13.87	11.32	9.98	5.74	3.05	-4.26	-7.07	3.32	11.95	6.26	-2.87	9.45	3.71
1964	-3.82	-1.47	-0.8	4.48	9.24	12.34	14.57	12.06	10.37	3.41	2.01	-3.25	-3.19	4.3	12.99	5.27	-0.26	10.51	4.93
1965	-2.98	-6.97	-0.63	1.7	6.7	11.41	11.37	11.3	7.65	6.34	-0.15	-1.54	-4.4	2.59	11.36	4.61	-1.4	8.36	3.68
1966	-5.19	1.47	-1.48	4.69	7.93	11.86	11.07	11.09	11.21	7.55	-1.93	-2.61	-1.75	3.71	11.34	5.61	-0.09	9.64	4.64
1967	-3.69	-1.76	0.8	2.11	7.11	9.87	14.69	12.55	9.18	7.93	1.94	-4.24	-2.69	3.34	12.37	6.35	-0.27	9.25	4.71
1968	-4.54	-2.03	0.02	4.5	6.68	10.73	12.35	10.73	8.62	7.66	1.24	-3.86	-3.61	3.73	11.27	5.84	-0.15	8.93	4.34
1969	-2.48	-5.65	-0.39	2.62	8.66	8.88	13.76	11.53	10.56	7.33	0.67	-6.59	-3.99	3.63	11.39	6.19	-0.58	9.34	4.08
1970	-2.86	-3.87	-3.12	0.66	6.09	11.99	12.54	12.65	10.83	5.19	2.39	-3.63	-4.44	1.21	12.39	6.14	-1.4	9.13	4.07
1971	-3.98	-3.28	-4.06	5.51	8.91	9.21	14.32	14.01	9.04	6.84	-0.49	-0.59	-3.63	3.46	12.51	5.13	-1.23	10.17	4.62
1972	-3.29	-0.5	1.85	2.5	6.47	9.59	12.28	11.71	6.57	4.42	1.1	-1.85	-1.46	3.61	11.19	4.03	0.64	8.19	4.24
1973	-2.99	-4.39	-1.35	0.06	8.49	11.52	12.2	14.36	10.75	4.51	0.71	-2.81	-3.08	2.4	12.69	5.32	-0.84	9.56	4.25
1974	-0.29	-1.19	1.77	3.18	6.56	9.31	12.23	13.63	8.96	-0.27	0.31	-0.35	-1.43	3.84	11.72	3	0.45	8.98	4.49
1975	-0.09	-1.61	-1.29	2.71	7.42	9.41	13.11	12.99	11.56	4.57	0.45	-2.24	-0.69	2.95	11.84	5.52	-0.55	9.53	4.75
1976	-2.7	-1.26	-0.77	3.05	8.54	13.14	13.8	11.12	7.99	6.62	0.21	-4.26	-2.07	3.61	12.69	4.94	-0.33	9.61	4.62
1977	-2.9	-0.3	2.71	1.83	6.8	10.19	12.33	11.05	8.55	7.21	0.41	-1.05	-2.48	3.78	11.19	5.39	0.35	8.46	4.74
1978	-3.21	-3.26	0.42	1.99	6.03	9.65	11.83	11.32	9.42	5.57	1.11	-1.03	-2.51	2.81	10.94	5.37	0.09	8.37	4.15
1979	-5.74	-1.8	0.36	1.18	7.16	11.5	12.65	11.31	9.92	6.95	0.15	-0.45	-2.86	2.9	11.82	5.67	-0.25	8.95	4.43
1980	-4.51	-0.76	-0.01	0.69	5.86	9.05	10.68	13.41	10.93	4.65	0.05	-3.9	-1.91	2.18	11.05	5.21	0.23	8.44	3.85
1981	-5.06	-4.43	2.61	5.02	7.28	11.17	11.75	13.34	10.15	5.12	0.48	-3.6	-4.46	4.97	12.08	5.25	-1.01	9.78	4.48
1982	-1.81	-2.39	-1.01	2.46	8.01	11.92	14.84	12.39	11.87	5.34	2.3	-1.25	-2.6	3.15	13.05	6.5	-0.54	10.25	5.22
1983	-0.63	-5.04	1.04	3.71	5.7	11.83	17.35	13.35	10.75	6.31	1.38	-1.64	-2.3	3.48	14.18	6.15	0.29	10.45	5.34
1984	-3.32	-4.75	-2.3	2.18	4.92	10.28	13.27	12.39	8.23	6.47	3.38	-1.31	-3.24	1.6	11.98	6.03	-0.72	8.54	4.12
1985	-8.05	-2.75	-1.6	3.29	7.46	9.45	14.71	12.91	11.83	7.08	-2.22	0.23	-4.04	3.05	12.35	5.57	-0.64	9.94	4.36
1986	-3.63	-7.49	-0.15	1.62	9.61	11.41	13.1	12.77	10.51	7.4	2.08	-1.85	-3.63	3.69	12.43	6.66	-1.03	9.84	4.61
1987	-6.03	-2.26	-3.22	4.47	5.11	9.51	13.56	13.11	12.95	7.29	1.46	0.33	-3.38	2.12	12.06	7.24	-0.65	9.79	4.69
1988	-0.32	-2.73	-1.43	4.57	9.06	10.58	13.66	13.78	10.01	7.68	0.22	-0.86	-0.91	4.07	12.68	5.97	0.77	10.28	5.35
1989	-0.66	0.11	3.31	2.54	9.21	10.43	14.08	13.34	9.99	7.06	0.61	0.18	-0.47	5.02	12.62	5.89	1.63	9.93	5.85
1990	-1.67	2.1	2.76	2.52	9.79	10.69	14.06	14.31	9.4	7.85	0.4	-3.79	0.21	5.02	13.02	5.88	1.84	10.13	5.7
1991	-2.03	-4.57	3.08	2.38	4.84	10.15	15.24	15.32	12.28	5.04	0.74	-2.71	-3.46	3.43	13.57	6.02	0.16	10.04	4.98
1992	-2.45	-1.44	1.33	3.66	10.05	10.81	14.38	16.19	10.35	3.94	3.25	-1.35	-2.2	5.01	13.8	5.85	0.09	10.91	5.73
1993	-0.04	-2.68	-0.13	5.04	9.56	12.09	12.41	13.84	8.84	4.77	-1.04	-0.5	-1.36	4.82	12.78	4.19	0.5	10.3	5.18
1994	-1.44	-1.94	4.33	2.43	8.72	12.17	16.56	15.01	9.73	6.18	4.75	0.11	-1.29	5.16	14.58	6.88	0.7	10.77	6.38
1995	-3.79	0.64	-1.15	4.28	8.05	9.86	16.09	13	7.63	9.4	0.68	-2.32	-1.01	3.73	12.98	5.9	1.12	9.82	5.2
1996	-1.26	-4.31	-1.11	4.62	8	12.67	12.83	12.41	7.08	5.83	0.96	-2.22	-2.63	3.84	12.64	4.63	0.18	9.6	4.63
1997	-2.26	0.4	3.08	3.09	8.8	11.14	12.23	14.98	11.99	6.05	1.76	-1.05	-1.36	4.99	12.78	6.6	0.97	10.37	5.85
1998	-1.65	1.01	0.95	3.38	9.5	12.56	14.22	14.38	9.44	5.63	-1.85	-2.05	-0.56	4.61	13.72	4.41	1.18	10.58	5.46
1999	-1.46	-4.18	1.36	3.7	10.37	10.79	14.32	13.76	12.23	6.46	-0.77	-2.12	-2.57	5.14	12.96	5.97	-0.43	10.86	5.37
2000	-3.4	-0.42	1.3	4.96	10.19	13.4	11.57	14.67	11.09	6.56	1.48	0.46	-1.98	5.48	13.21	6.38	0.17	10.98	5.99
2001	-2.06	-1.02	2.77	2.23	10.54	10.78	14.12	14.99	7.16	9.63	0.13	-3.81	-0.87	5.18	13.3	5.64	1.37	9.97	5.46
2002	-1.91	0.95	2.5	4.23	8.08	14.44	13.63	13.03	8.84	6.34	2.65	0.15	-1.59	4.94	13.7	5.94	1.25	10.37	6.08
2003	-3.79	-5.02	2.8	4.39	10.02	17.34	15.4	17.89	10.56	3.48	2.9	-1.1	-2.89	5.74	16.88	5.64	0.52	12.6	6.24
2004	-2.99	-1.66	-0.04	4.32	7.23	12	13.58	14.04	11.17	7.99	0.85	-1.68	-1.92	3.83	13.2	6.67	0.1	10.39	5.4
2005	-3.44	-5.88	0.67	4.44	9.14	13.75	13.95	11.97	11.27	7.92	0.4	-4.3	-3.67	4.75	13.23	6.53	-0.25	10.76	4.99
2006	-4.43	-3.38	-1.09	4.17	8.57	13.27	17.69	10.45	13.14	9.27	3.71	0.02	-4.04	3.88	13.8	8.71	-0.81	11.21	5.95
2007	0.38	0.96	1.31	8.95	9.7	12.65	13.41	12.88	8.91	5.97	-0.09	-2.29	0.45	6.65	12.98	4.93	2.61	11.08	6.06
2008	-0.19	0.3	-0.11	3.17	10.09	12.84	13.74	13.71	8.8	6.59	0.94	-2.52	-0.73	4.38	13.43	5.44	0.6	10.39	5.61
2009	-4.45	-3.43	0.01	6.3	10.82	11.99	14.38	15.72	11.72	6.06	3.38	-2.89	-3.47	5.71	14.03	7.06	-0.48	11.82	5.8
2010	-5.17	-3.34	-0.12	5.11	7.07	12.33	15.84	12.88	9.32	5.49	1.03	-4.29	-3.8	4.02	13.68	5.28	-0.34	10.42	4.68
2011	-2.44	-0.53	2.31	7.6	10.58	12.31	12.05	15.18	12.63	6.52	3.69	-0.52	-2.42	6.83	13.18	7.61	0.26	11.73	6.62
2012	-1.81	-6.48	3.73	4.08	9.42	13.29	13.97	15.54	10.67	6.84	2.73	-2.18	-2.94	5.74	14.27	6.75	0.86	11.16	5.82
2013	-2.67	-5.34	-0.76	4.87	6.24	11.49	15.98	14.41	10.98	7.95	0.5	-0.44	-3.4	3.45	13.96	6.48	-0.23	10.66	5.27
2014	-0.64	-0.43	2.81	6.13	7.73	13.16	13.33	12.1	11.2	8.78	4.33	-0.36	-0.5	5.56	12.86	8.1	1.63	10.61	6.51
2015	-1.66	-3.21	2.04	5.34	9.29	13.6	17.75	15.57	9.07	5.88	4.16	2.24	-1.74	5.56	15.64	6.37	1.65	11.77	6.67
2016	-1.11	-0.18	0.16	4.59	7.9	11.99	15.09	14.8	12.55	5.38	1.81	-0.13	0.32	4.22	13.96	6.58	1.86	11.15	6.07
2017	-5.16	0.47	4.13	4.43	9.83	15.2	15.04	15.46	8.66	7.78	0.87	-2.46	-1.61	6.13	15.23	5.77	1.08	11.44	6.19
2018	0.47	-5.21	-0.18	7.82	10.46	13.82	16.23	15.89	12.58	8.04	2.78	-0.13	-2.4	6.03	15.32	7.8	0.21	12.8	6.88
2019	-4.38	0.74	2.29	4.5	6.12	15.28	16.22	15.12	11.4	8.46	1.51	0.77	-1.26	4.3	15.54	7.13	1.56	11.44	6.5
2020	-0.28	1.64	1.57	7.65	9.57	11.85	15.42	15.22	11.9	5.38	3.69	-1.2	0.71	6.26	14.16	6.99	2.28	11.93	6.87
2021	-3.56	0.84	0.95	2.9	6.25	14.39	13.91	13.12	12.15	6.28	1.13	-0.65	-1.3	3.37	13.81	6.52	1.02	10.45	5.64
2022	-1.48	-0.13	2.38	4.63	11.51	15.37	16.97	16.15	10.09	10.45	3.33	-0.28	-0.75	6.17	16.16	7.96	1.26	12.45	7.42
2023	-1.61	0.08	2.66	3.71	9.36	14.94	15.98	15.58	14.3	9.71	1.59	0.65	-0.6	5.24	15.5	8.53	2.44	12.31	7.25
2024	-0.64	2.7	3.29	5.19	8.84	13.08	16.08	17.07	9.99	8.4	2.83	-0.84	0.9	5.77	15.41	7.07	2.88	11.71	7.17
2025	-0.81	-0.04	2.8	6.75	9.06	16.43	14.18	15.59	10.95	6.38	1.86	0.64	-0.57	6.2	15.4	6.4	2.06	12.16	6.98
2026	-2.68	1.17	1.77	NA	NA	NA	NA	NA	NA	NA	NA	NA	-0.29	NA	NA	NA	1.52	NA	NA
